0
33
38
92
101
123
126
106
103
49
41
-27
-38
-93
-102
-124
-127
-107
-104
-50
-42
26
37
92
101
123
126
106
103
49
41
-27
-38
-93
-102
-124
-127
-107
-104
-50
-42
26
37
92
101
123
126
106
103
49
41
-27
-38
-93
-102
-124
-127
-107
-104
-50
-42
26
37
92
101
123
126
106
103
49
41
-27
-38
-93
-102
-124
-127
-107
-104
-50
-42
26
37
92
101
123
126
106
103
49
41
-27
-38
-93
-102
-124
-127
-107
-104
-50
-42
26
37
92
101
123
126
106
103
49
41
-27
-38
-93
-102
-124
-127
-107
-104
-50
-42
26
37
92
101
123
126
106
103
49
41
-27
-38
-93
-102
-124
-127
-107
-104
-50
-42
26
37
92
101
123
126
106
103
49
41
-27
-38
-93
-102
-124
-127
-107
-104
-50
-42
26
37
92
101
123
126
106
103
49
41
-27
-38
-93
-102
-124
-127
-107
-104
-50
-42
26
37
92
101
123
126
106
103
49
41
-27
-38
-93
-102
-124
-127
-107
-104
-50
-42
