0
32
36
88
98
118
120
100
96
44
36
-30
-40
-94
-104
-122
-124
-106
-104
-50
-40
26
36
88
98
118
120
100
96
44
36
-30
-40
-94
-104
-122
-124
-106
-104
-50
-40
26
36
88
98
118
120
100
96
44
36
-30
-40
-94
-104
-122
-124
-106
-104
-50
-40
26
36
88
98
118
120
100
96
44
36
-30
-40
-94
-104
-122
-124
-106
-104
-50
-40
26
36
88
98
118
120
100
96
44
36
-30
-40
-94
-104
-122
-124
-106
-104
-50
-40
26
36
88
96
116
120
100
96
44
36
-30
-40
-94
-104
-122
-126
-108
-104
-50
-40
26
36
88
98
118
120
100
98
46
36
-30
-40
-94
-104
-122
-124
-106
-104
-50
-40
26
36
88
98
118
120
100
96
44
36
-30
-40
-94
-104
-122
-126
-108
-104
-50
-40
26
36
88
98
118
120
100
98
46
36
-30
-40
-94
-104
-122
-124
-106
-104
-50
-40
26
36
88
96
116
120
100
98
46
36
-30
-40
-94
-104
-122
-126
-108
-104
-50
-40
