0
32
36
90
100
118
120
104
102
48
38
-30
-40
-94
-104
-122
-124
-108
-106
-52
-42
26
36
90
100
118
120
104
102
48
38
-30
-40
-94
-104
-122
-124
-108
-106
-52
-42
26
36
90
100
118
120
104
102
48
38
-28
-38
-94
-104
-122
-124
-108
-106
-52
-42
26
36
90
100
118
120
104
102
48
38
-30
-40
-94
-104
-122
-124
-108
-106
-52
-42
26
36
90
100
118
120
104
102
48
38
-30
-40
-94
-104
-122
-124
-108
-106
-52
-42
24
34
90
100
118
120
104
102
48
38
-30
-40
-94
-104
-122
-126
-110
-106
-52
-42
26
36
90
100
118
120
104
102
48
38
-30
-40
-94
-104
-122
-124
-108
-106
-52
-42
26
36
90
100
118
120
104
102
48
38
-28
-38
-94
-104
-122
-126
-110
-106
-52
-42
26
36
90
100
118
120
104
102
48
38
-30
-40
-94
-104
-122
-124
-108
-106
-52
-42
26
36
90
100
118
120
104
102
48
38
-28
-38
-94
-104
-122
-126
-110
-106
-52
-42
