0
0
0
0
33
38
90
98
117
119
98
95
42
34
-31
-42
-94
-102
-121
-124
-103
-100
-47
-38
27
38
90
98
117
119
98
95
42
34
-31
-42
-94
-102
-121
-124
-103
-100
-47
-38
27
38
90
98
117
120
100
96
42
34
-31
-42
-94
-102
-121
-124
-103
-100
-47
-38
27
38
90
98
117
120
100
96
42
34
-31
-42
-94
-102
-121
-124
-103
-100
-47
-38
27
38
90
98
117
119
98
95
42
34
-31
-41
-93
-102
-121
-124
-103
-100
-48
-39
27
38
90
97
116
119
98
95
42
34
-31
-42
-94
-102
-121
-124
-104
-101
-48
-39
27
37
89
98
117
120
100
97
43
34
-31
-41
-93
-102
-121
-124
-103
-100
-48
-39
27
38
90
98
117
119
98
95
42
34
-31
-42
-94
-102
-121
-124
-104
-101
-47
-38
27
37
89
98
117
120
100
97
43
34
-31
-42
-94
-102
-121
-124
-103
-100
-47
-38
27
38
90
97
116
119
98
96
43
34
-31
-42
-94
-102
-121
-124
-104
